REC
100,400
500,500
REC
0,100
100,400
REC
100,100
500,400
-color
t
236,235,233
SPL
189.17105,291.94736
180.67105,277.19736
177.67105,258.94736
187.92105,241.94736
201.17105,240.19736
209.17105,249.44736
211.67105,264.19737
222.92105,276.69736
236.92105,276.19736
243.67105,266.94737
244.17105,253.94736
244.42105,240.69736
250.92105,231.94736
263.17105,231.94736
271.92105,243.44736
263.92105,271.94736
250.92105,289.94736
227.42105,308.44736
208.67105,309.44736
C

REC
500,100
600,400
REC
100,0
500,100
